0.09938761623951008 0.21420730324336537 0.27183034701746445 0.06510092991608075 0.3096439101837158 0.0892923565434339 0.11406214561124974 0.10321841687457474 0.07791789521433438 0.23090269902472174 0.05485824449988661 0.5385552279428442 0.08760036289408023 0.04635971875708784 0.03507371286005897 0.24814016783851248 0.13902018598321625 0.17723520072578833 1.6584645044227777 0.07373780902699027 0.8036901791789542 0.11641188478112956 0.08819233386255379 0.08858017691086412 0.566824676797459 0.2749716488999773 0.8002993876162395 0.13012247675209795 0.10316171467452938 0.1069494216375595 0.06749149466999319 0.04909730097527784 0.09631889317305505 0.049800408255840325 0.10980721251984579 0.10014062145611255 0.1383828532547062 0.013656157858924925 0.08161714674529373 0.0663687911090951 0.045066908596053515 0.1379677931503742 0.04655704241324569 0.08205261964164215 0.31249262871399325 0.18543660694034955 0.005550011340440008 0.03217736448174188 0.03880244953504188 0.13851803129961465 0.01732116126105696 0.2657180766613742 0.06830324336584259 0.04263892039011117 3.4751948287593546 32.967566341574056 193.3885234747108 0.3751417555001134
0.19 0.0 0.38 0.0 0.0 0.19 0.0 0.0 0.0 0.0 0.19 0.19 0.0 0.0 0.0 0.38 0.0 0.19 1.14 0.0 0.38 0.0 0.0 0.0 0.0 0.0 0.0 0.0 0.0 0.0 0.0 0.0 0.0 0.0 0.0 0.0 0.0 0.0 0.0 0.0 0.0 0.0 0.0 0.0 0.0 0.0 0.0 0.0 0.01 0.01 0.0 0.0 0.0 0.003 2.383 21.0 15841.0 1.0
0.0 0.0 0.0 0.04 0.0 0.0 0.0 0.0 0.0 0.0 0.0 0.0 0.0 0.0 0.0 0.02 0.0 0.0 0.02 0.0 0.0 0.0 0.0 0.0 0.0 0.0 0.0 0.0 0.0 0.0 0.0 0.0 0.0 0.0 0.0 0.0 0.0 0.0 0.0 0.0 0.0 0.0 0.0 0.0 0.0 0.0 0.0 0.0 1.024 9.752 0.003 1.542 1.785 1.998 239.571 9989.0 10062.0 1.0
0.09666666666666666 0.013333333333333334 0.20000000000000004 0.0 0.15333333333333335 0.13333333333333333 0.0 0.09666666666666666 0.09666666666666666 0.3133333333333333 0.060000000000000005 0.07333333333333333 0.12 0.0 0.06333333333333334 0.013333333333333334 0.13 0.06333333333333334 0.6266666666666667 0.013333333333333334 0.27666666666666667 3.1766666666666663 0.22999999999999998 0.18333333333333332 0.0 0.0 0.0 0.0 0.0 0.0 0.0 0.0 0.0 0.04666666666666667 0.0 0.013333333333333334 0.0 0.0 0.02666666666666667 0.0 0.0 0.0 0.0 0.0 0.06333333333333334 0.0 0.0 0.0 0.37233333333333335 0.09500000000000001 0.014 0.13999999999999999 0.03 0.0036666666666666666 15.187666666666665 493.0 9113.666666666666 1.0
0.005 0.005 0.035 0.0 0.025 0.0 0.0 0.005 0.015 0.065 0.025 0.0 0.0 0.025 0.0 0.0 0.005 0.035 0.005 0.0 0.005 0.0 0.0 0.0 0.0 0.0 0.0 0.0 0.0 0.0 0.0 0.0 0.035 0.0 0.0 0.065 0.0 0.0 0.0 0.005 0.23 0.0 0.0 0.015 0.0 0.4 0.005 0.035 0.036000000000000004 0.1615 0.075 0.012 0.055999999999999994 0.012 3.0295 43.5 5648.5 0.0
0.195 0.5 0.4 0.095 0.58 0.0 0.0 0.0 0.39 0.19 0.0 0.2 0.0 0.0 0.0 0.1 0.0 0.0 0.195 0.19 0.39 0.0 0.0 0.2 0.095 0.0 0.0 0.095 0.0 0.0 0.0 0.0 0.0 0.19 0.0 0.0 0.0 0.0 0.0 0.0 0.0 0.0 0.0 0.0 0.0 0.0 0.0 0.0 0.0 0.035 0.0 0.4155 0.7295 0.015 1062.0 2123.0 2124.0 1.0
0.2563541666666666 0.18020833333333341 0.2832291666666667 0.04791666666666666 0.1625 0.09489583333333335 0.030208333333333334 0.15041666666666662 0.2646875 0.35583333333333345 0.1520833333333333 0.6081250000000001 0.28812499999999985 0.5418749999999999 0.04614583333333331 0.23041666666666683 0.2659375 0.1252083333333334 1.8280208333333334 0.08458333333333333 0.8430208333333331 0.2989583333333334 0.3446875000000001 0.265 0.2678125 0.08947916666666668 0.004062500000000001 0.0022916666666666667 0.0028125000000000003 0.011458333333333334 0.00375 0.0 0.23177083333333334 0.0 0.003958333333333334 0.060208333333333315 0.19531249999999997 0.005520833333333333 0.0103125 0.01708333333333334 0.018229166666666668 0.006145833333333334 0.0077083333333333335 0.018541666666666675 0.043020833333333314 0.06812499999999999 0.005729166666666667 0.04656250000000001 0.03571874999999999 0.10853124999999997 0.015281250000000001 0.24792708333333344 0.29334374999999996 0.10313541666666669 5.359572916666667 164.61458333333334 2585.4791666666665 0.6875
0.17168831168831164 0.19090909090909086 0.7922077922077922 0.11896103896103896 0.6818181818181818 0.4854545454545457 0.2544155844155845 0.1584415584415584 0.5202597402597405 0.5197402597402598 0.21103896103896103 0.7005194805194808 0.1715584415584416 0.0818181818181818 0.861168831168831 0.34610389610389614 0.16999999999999998 0.7098701298701298 1.6929870129870135 0.7792207792207793 1.1298701298701301 0.08 0.5058441558441561 0.15272727272727266 0.042077922077922075 0.0011688311688311688 0.01896103896103896 0.003766233766233766 0.0 0.007532467532467532 0.0 0.0 0.004675324675324675 0.0 0.005454545454545455 0.00909090909090909 0.0161038961038961 0.0 0.008831168831168832 0.0377922077922078 0.0 0.0 0.0790909090909091 0.01038961038961039 0.04181818181818184 0.031688311688311696 0.0 0.002857142857142857 0.007649350649350649 0.08284415584415586 9.74025974025974E-4 0.46694805194805195 0.14401298701298706 0.035675324675324666 71.2431168831169 710.3506493506494 1369.7792207792209 0.987012987012987
0.455 0.2925 0.2925 0.0 0.1675 0.03 0.0075 0.26 0.4925 0.88 0.2375 0.47375 0.52625 0.7562499999999999 0.1 0.14500000000000002 0.4575 0.17875000000000002 2.82625 0.01125 1.3524999999999998 0.0 0.645 0.57125 0.0 0.0 0.0 0.0 0.0 0.0 0.0 0.0 0.0 0.0 0.0075 0.039999999999999994 0.0 0.0 0.021249999999999998 0.1375 0.0 0.0 0.0 0.0 0.07375000000000001 0.0 0.0 0.0 0.018874999999999996 0.077 0.0 0.44325000000000003 0.35324999999999995 0.08712500000000001 16.4925 956.0 2552.0 1.0
0.25 0.125 0.21 0.0 0.10500000000000001 0.115 0.01 0.175 0.175 0.41 0.105 0.48 0.25 0.46 0.01 0.165 0.21 0.01 1.625 0.0 0.745 0.0 0.47 0.23 0.0 0.0 0.0 0.0 0.0 0.0 0.0 0.0 0.0 0.0 0.0 0.0 0.0 0.0 0.0 0.01 0.0 0.0 0.0 0.0 0.01 0.0 0.01 0.0 0.005 0.5495 0.0 0.1625 1.067 0.067 7.136 361.5 3940.0 1.0
